15314290
12540958
8857811
5459354
5722125
7356668
7390086
15925949
4771084
335645
15438953
2106526
2305010
1330563
9080997
2210337
0
3510307
16374965
0
0
0
0
0
9675202
0
14664548
12429735
5755044
5301174
4317553
107741
8005454
10293338
15780842
13149310
4349677
14497103
9966372
11648094
15433890
3413053
4390516
2594080
10050798
9451092
11248491
13197852
3680969
6940603
3405694
5154884
14421775
12973687
7013576
1284314
2594679
1037640
9984994
12738640
5117500
14301087
5875458
15713879
0
10349635
11996922
0
0
0
5587235
9579105
10284892
14757200
5064241
6730754
8813694
11152171
11580883
7724238
3391106
4473353
10630175
15000082
8215092
8885168
8145769
12308495
7216280
764609
7080928
12613344
713337
914320
12348677
6262294
4776264
13302257
10817518
13791485
4491882
11560235
0
10686829
0
0
0
0
0
10937153
14022929
0
7271830
8756596
8770161
815395
4771552
11041201
3728369
651252
7436232
5568692
0
12925935
5210118
3233785
13719533
15884427
