0
0
0
0
0
0
0
0
1632173
0
6542628
15751743
5990705
13683321
10775153
2895122
10256593
14188363
3480970
13684796
0
0
0
0
12091293
0
16353680
4502293
1818450
3347128
14420464
12035794
2125873
10173360
3384281
2428421
16180639
12318265
14342310
13597965
9277625
6331415
7206162
12518668
12061108
288567
6864968
11495808
4507207
0
0
5172000
5819885
4303584
0
0
0
0
0
0
0
0
0
0
0
0
0
0
0
0
0
0
0
0
14944147
8670292
0
0
0
0
0
2401753
13575218
541890
3072734
259185
7248874
11954935
6668224
15075232
10506461
8252051
5994153
10967339
7301035
392630
16282122
424380
7100880
10420919
10065839
2837656
0
2391129
0
0
0
0
0
7141794
4177374
0
0
0
0
4852852
16126256
15440193
0
0
0
0
0
0
0
0
0
0
