141512
660236
2918936
7029036
1648352
547131
192161
1373697
11094287
7222324
16009046
9089064
12590023
2472193
16031319
11246121
0
14569133
0
0
0
0
0
0
0
0
0
0
16009006
6821693
9721915
14368887
4716004
9437401
5836160
4140941
0
0
0
0
0
0
0
0
15520933
0
4870151
11466512
0
0
12560271
8842212
11538987
9865923
10355044
6031664
13023274
12610534
4838112
14629251
2908478
14236703
8013843
15698798
14426072
15484214
8393571
4658023
10957128
14594204
6272717
15130407
5645289
1115016
15479043
259872
3190357
1642904
9788152
12819285
1362008
10198141
5712913
11961072
15154751
0
0
7573296
11429928
0
0
9024162
9587928
5616790
4583835
2125036
16747902
8289476
7034883
14350834
14281432
0
0
0
0
0
0
0
0
8986063
16560883
0
11146702
9146354
2046755
1866714
9597023
12610531
5759502
4093706
12785197
14017898
15945606
13720930
6096760
4400773
16174685
11579695
