0
16121715
12030212
0
0
0
7615382
10597160
1699416
8079058
15889538
4495593
12538747
2139808
2580270
9882874
16568931
1834142
9584099
0
0
0
0
0
14038856
0
3205919
7836445
5824576
15007196
10058825
6771240
122908
381137
12951413
15486621
2857158
14856864
11549500
15990304
14014241
5606292
591337
13546168
16482596
10911679
15042866
16019241
5547595
9623319
9989406
12800090
6366497
5901376
15708850
9128553
0
6827138
0
0
0
0
0
0
0
0
0
0
0
0
0
0
0
4592722
7640511
171191
6531195
7249500
1776618
16654936
609892
7635280
4632444
13418017
12656904
5062073
139202
16675565
4503276
14796386
15181213
97664
11083772
15130789
11400418
12892916
3389643
4919069
7395307
1374844
12246498
16274849
0
3324526
0
0
0
0
10085697
4646170
14250372
9389317
7177456
4916642
8717429
9313774
3808689
1073442
15213967
2790013
13479324
0
0
0
0
9656529
0
0
